X = [0,151,-303,-152,0,151,302,453,604,754,905,1057,1207,1358,1510,1658,1809,1957,2108,2256,2406,2553,2701,2850,2997,3145,3292,3439,3585,3732,3879,4026,4173,4319,4467,4613,4761,4907,5054,5200,5346,5493,5639,5785,5932,6079,6226,6374,6519,6666,6814,6961,7108,7253,7400,7546,7692,7839,7986,8133,8280,8427,8574,8722,8869,9018,9166,9314,9464,9612,9763,9912,10062,10213,10364,10514,10665,10816,10968,11119,11271,11423,11576,11729,11882,12033,12187,12338,12493,12645,12799,12953,13107,13261,13417,13570,13727,13882,14038,14194,14352,14506,14664,14818,14975,15130,15285,15439,15595,15749,15905,16059,16214,16367,16521,16675,16831,16984,17141,17294,17451,17606,17763,17918,18075,18229,18387,18543,18700,18855,19011,19165,19322,19477,19632,19787,19944,20098,20255,20408,20565,20720,20876,21031,21187,21341,21499,21654,21811,21966,22123,22278,22436,22591,22748,22903,23061,23215,23373,23527,23684,23839,23997,24151,24308,24462,24620,24776,24934,25087,25245]
acc = [0.06,0.06,0.08,0.07,0.06,0.06,0.13,0.06,0.06,0.08,0.09,0.08,0.1,0.08,0.06,0.06,0.07,0.1,0.09,0.08,0.09,0.09,0.08,0.08,0.1,0.08,0.09,0.07,0.1,0.1,0.07,0.11,0.11,0.04,0.08,0.11,0.06,0.07,0.1,0.08,0.07,0.09,0.09,0.08,0.02,0.16,0.09,0.02,0.07,0.13,0.05,0.07,0.12,0.07,0.03,0.09,0.13,0.13,0.12,0.12,0.17,0.16,0.12,0.16,0.15,0.18,0.24,0.2,0.24,0.24,0.27,0.2,0.26,0.23,0.29,0.2,0.24,0.26,0.24,0.14,0.21,0.18,0.21,0.12,0.13,0.18,0.18,0.18,0.16,0.19,0.16,0.17,0.14,0.17,0.14,0.15,0.13,0.17,0.13,0.16,0.11,0.18,0.14,0.19,0.16,0.16,0.2,0.19,0.15,0.19,0.16,0.2,0.15,0.18,0.2,0.17,0.13,0.18,0.16,0.17,0.14,0.14,0.15,0.16,0.21,0.19,0.2,0.17,0.17,0.19,0.18,0.21,0.19,0.17,0.16,0.21,0.17,0.19,0.19,0.15,0.19,0.18,0.17,0.2,0.2,0.12,0.19,0.18,0.16,0.19,0.2,0.16,0.16,0.22,0.16,0.16,0.16,0.17,0.2,0.19,0.18,0.19,0.17,0.2,0.18,0.17,0.18,0.17,0.18,0.15,0.18] * 10
angle = [30,30,40,40,30,30,30,20,20,10,10,0,0,0,0,0,0,10,10,0,0,0,0,0,0,0,0,0,0,0,10,10,0,0,0,10,10,0,0,0,0,0,0,0,0,10,10,0,0,10,10,0,0,0,0,0,0,10,10,0,0,10,10,20,20,30,30,40,40,50,50,60,60,70,70,70,80,80,90,90,100,100,110,110,100,100,110,110,120,120,130,130,140,140,140,150,150,160,160,170,170,170,160,160,150,150,140,140,150,150,140,140,130,130,130,140,140,150,150,160,160,170,170,160,160,160,170,170,160,160,150,150,160,160,150,150,160,160,150,150,160,160,150,150,160,160,160,170,170,160,160,170,170,160,160,170,170,170,160,160,170,170,170,160,160,170,170,170,160,160,170]
Vertical = [-10, -9, -8 ,-7, -6, -5, -4, -3, -2, -1, 0, 1, 2, 3, 4, 5, 6, 7, 8, 9, 10]
desired = (0.15 * 10) + (X * 0)

vertx = 10000 + (verty * 0)
verty = [-.5:.001:3]

startPoint = '\leftarrow Fan turned On';


title('Ornithopter: Comparing Y-Axis Acceleration and Y-Axis Servo Angle');
xlabel('Time (Milliseconds)');
yyaxis left;
plot (X, acc);
%text(7000,0.8,'\leftarrow Fan is Turned On')

hold on;
plot (X, desired); 
ylabel('Acceleration of Y (m/s²)');
hold on;
plot(vertx, verty, 'k:');
axis([0 inf -.5 3])
hold off;


yyaxis right
plot (X, angle); 
axis([0 inf 0 180])

ylabel ('Y Angle (Degrees)')

legend("Y Acceleration vs. Time", "Desired Y Acceleration", "Fan Turns On", "Y Angle vs. Time");
%we'll need to modify this code once we have the data (colouring the lines, labeling more stuff, etc...)
